0.000000000000000000e+00
1.800000000000000000e+01
3.600000000000000000e+01
5.400000000000000000e+01
7.200000000000000000e+01
9.000000000000000000e+01
1.080000000000000000e+02
1.260000000000000000e+02
1.440000000000000000e+02
1.620000000000000000e+02
1.800000000000000000e+02
1.980000000000000000e+02
2.160000000000000000e+02
2.340000000000000000e+02
2.520000000000000000e+02
2.700000000000000000e+02
2.880000000000000000e+02
3.060000000000000000e+02
3.240000000000000000e+02
3.420000000000000000e+02
